.Random.seed <-
c(403L, 101L, -1246265205L, 425183418L, 937819068L, -289816321L, 
421176405L, 618491756L, -1800159294L, -1704798179L, 135440535L, 
79295998L, -984848968L, -2043598437L, 661237753L, -927680696L, 
449794678L, -1558451279L, 1689589219L, -777950542L, 1099351812L, 
-352494521L, -1900070115L, -2123308652L, 1301022010L, 1715116421L, 
-1319290273L, -60285722L, 1736101744L, 1845317779L, -833807055L, 
734047200L, -1354016642L, -1544690935L, -2126256837L, -622855926L, 
-22787860L, -771918481L, 1030019749L, 1593209948L, -424537038L, 
-275516627L, -38884889L, -126028530L, 813107944L, -296794901L, 
-1687167607L, 576978200L, 1561698374L, -591558495L, 707317555L, 
1318583970L, -1581896300L, -1124551657L, -305572851L, -1542700764L, 
667921674L, -840119179L, -242898993L, 1348987094L, 1496197248L, 
1742730947L, -1648811935L, -1880018736L, 568420910L, -1912579111L, 
289055723L, 1941799514L, -969436132L, 565334303L, 234135925L, 
1000529932L, 576588258L, 1774990013L, 1407487287L, 1338429918L, 
1902589720L, 449830523L, -1245123559L, 639974568L, 618018390L, 
-1449684271L, -1353473405L, -2054522606L, -1988346716L, -759837593L, 
-244185667L, 1501361972L, 211477658L, -1630631195L, 1370133631L, 
-650187258L, -1307076208L, 1033020467L, 125053905L, -1083760256L, 
645729374L, -1328321623L, -1527426469L, 1622533738L, -578655476L, 
759733583L, 1921869317L, 1672662204L, 628723090L, 1467655821L, 
685251783L, 522533294L, -996875256L, -1818011637L, 1855638761L, 
-1360598088L, 1891669094L, 1178531073L, 747312019L, 1062663234L, 
1246718964L, -610834953L, -348841491L, -1747076476L, 135208106L, 
847456789L, -1412057425L, 1432827062L, 659874528L, 1037041187L, 
-670269119L, -407421904L, -863320498L, -1336118599L, 1749821131L, 
-1082916998L, -94271876L, -945945921L, 1208837013L, 281871276L, 
-375756414L, -1965527203L, 1509147223L, -67942082L, 1687357816L, 
1349304923L, 1237665209L, 1267865608L, 1494346422L, -1374248463L, 
-739190749L, 753956978L, -1038103868L, -489169785L, -1526779811L, 
1874253396L, -469494662L, 2046697413L, 1678254367L, 238915750L, 
2042819120L, -2049349421L, 651847409L, 2059109920L, 344985790L, 
1960555721L, 290995835L, -1581519798L, 1254069420L, -1451060305L, 
-2023598235L, 1691921692L, 222614898L, 885104109L, -1272434137L, 
-882556338L, -1703491928L, -1028178773L, -2058437175L, 678965720L, 
1685309574L, -755337887L, -1700165389L, -789473438L, 66945492L, 
-350534441L, -2072885555L, 251719268L, 181201994L, 1223657909L, 
1316967695L, -409443818L, 469793984L, 296131203L, -332618079L, 
102951056L, 1860404078L, -1020351207L, 841530795L, -1025762406L, 
1903432540L, 356659807L, 988740149L, 375718348L, -769771230L, 
337279869L, -1455630217L, -963564130L, 1546716248L, -1172356677L, 
-1806215335L, -1636297496L, 17095958L, -747200879L, -581495997L, 
-1883034030L, -1420443420L, -1546308825L, 1888413565L, 986450548L, 
-717507494L, 972057765L, -912746817L, 105852230L, 1040348112L, 
-515858957L, -843335407L, 935626048L, -1096383202L, -1513643543L, 
-422702309L, 1208597802L, -291695028L, -1127267342L, -1153051520L, 
1810653428L, 2087547016L, 851915066L, -1952214192L, -13295508L, 
335404180L, 2045306194L, -728169760L, -1377063732L, 1110617248L, 
787672450L, 1200848104L, 1912966380L, 1817135164L, 1287404658L, 
2024438896L, 1241498148L, 12473912L, -1476386278L, 204158160L, 
620807740L, -560508780L, -472007550L, 2076351424L, 466432316L, 
-1048994160L, -1937615838L, -49389560L, -568154996L, 1246528540L, 
-1367183214L, 730866816L, -1313788908L, 1204795176L, 559732794L, 
-194647856L, -2040256404L, 1583767220L, -1210242030L, 1664152544L, 
1946215372L, 591884768L, -899373022L, -876960472L, 885952780L, 
316932668L, 745228530L, -299447056L, -972417212L, 2121772120L, 
-1173846470L, 1293799664L, 1276585660L, 1943167508L, -182358846L, 
-1472456096L, 1968906620L, -337539888L, -1841272798L, 762627240L, 
10654092L, 97604028L, 816503858L, -1648863424L, -1348693324L, 
-347587256L, 1724032698L, -1026387184L, 70727916L, -1174176684L, 
1537301266L, -1757463136L, 503044044L, -770071712L, -664097598L, 
-1237745112L, 1023405484L, 1698036540L, -1889902734L, 2069126960L, 
-368872412L, 1738994232L, -138664230L, -1909337200L, 1176979708L, 
1875640724L, 1094890306L, 991222272L, -1842645956L, -1307436464L, 
1159460002L, 1728993096L, 2114936332L, 500682460L, -2071670702L, 
-1187659648L, -290133164L, -205450264L, 1672397562L, -1756270768L, 
1829957676L, -12172940L, 245703314L, -353914272L, -627682164L, 
1359603040L, 1202809058L, 1690284200L, 2107787980L, -1022183940L, 
895721394L, -64444432L, 341919172L, 857520472L, -1811606150L, 
1482798512L, 1416051132L, -975812012L, -561828414L, -1144751328L, 
1756318652L, -1715796912L, -822898718L, 304116584L, -684996788L, 
1688742652L, 1539095282L, 1303359744L, -750627724L, 200747528L, 
608287162L, -217339440L, -2137830420L, 1722742676L, 2144763090L, 
395356256L, 788943180L, -1121831136L, 985062018L, -1552078360L, 
539218924L, 1684368956L, -1919161742L, -1974554768L, -1305796316L, 
233057848L, -691225190L, -1443052080L, -368582212L, -1030065516L, 
301205122L, -1480683072L, 1348456252L, 283027088L, 380154658L, 
-1794062840L, 300685068L, -709150820L, 952234002L, 381535104L, 
878800660L, 1468385576L, -945819590L, -1372731440L, 220908140L, 
-483894220L, -94149486L, 1310551392L, -2076831412L, 1199110624L, 
-418869342L, -1002418264L, 87041164L, 1234715580L, -2068547470L, 
440927216L, 1677852740L, 1890378840L, -1286152134L, -37527440L, 
1752298044L, -1684776172L, 312188610L, 869093088L, 1292751996L, 
-896302896L, -1145334878L, -639385048L, 1749869836L, 858778556L, 
1725015346L, 1367727296L, 1822944820L, -398281016L, 1131214522L, 
-1153703792L, -824685844L, -1618412972L, -2100896110L, 804240160L, 
1757424588L, 2000055520L, -1523053886L, 1559851048L, 1615276972L, 
1204824764L, -757344782L, 1984464432L, -1565773916L, 1733776824L, 
1002553178L, -840030064L, -427545732L, -1437236460L, -1283190462L, 
-587586816L, 1580900284L, 1716183888L, -159148766L, -593441208L, 
-1690200052L, 1330716764L, -1454085678L, -2135389696L, -873217708L, 
335643925L, -580657857L, -162049832L, 1582518518L, -668210429L, 
-643933115L, 673870946L, 2003796944L, -139400967L, -702406101L, 
632130972L, 686618058L, -1879333185L, 684771337L, -716867298L, 
1021279436L, -559015779L, 693493031L, -691278000L, 814293486L, 
341722779L, 1870948605L, -348098582L, -107194232L, 563078705L, 
1273176227L, -30436188L, -21580462L, 476709031L, -2079877903L, 
608748598L, 559353044L, 1145860197L, 379959919L, 860419240L, 
214864390L, -72846541L, -1371060331L, 1084048370L, 1719023680L, 
260393385L, 2126874651L, -573352468L, 1727555066L, 1900966447L, 
-1267458503L, -1092974514L, 2127188124L, -1198935539L, -89698697L, 
517981824L, 589759710L, 1504442283L, 951359661L, -863552230L, 
415078872L, 1483219521L, -651953933L, -1144031468L, -319676766L, 
1892079543L, 1537688449L, -1245482618L, 1066877892L, -1574531339L, 
-951805089L, 142091704L, -864830314L, -1915268445L, -530172827L, 
-1012956798L, -900449552L, -1447817575L, -1479191925L, -965192836L, 
-1651800662L, 1269386719L, -1082107031L, -152364162L, 645247852L, 
1881610173L, 963945607L, 1877153904L, 831636238L, 1717350459L, 
-601383139L, -1251701302L, 1184876264L, -117569071L, 636124099L, 
1791145156L, -1234023566L, -361564601L, 1401775633L, -1058084970L, 
1234025204L, 99708037L, -118337073L, 398656712L, -1361566362L, 
-249194605L, -944842507L, -459001646L, -1156268256L, -65110263L, 
-1518188485L, 1059454348L, 1829401626L, -805214065L, 1060028377L, 
-456531858L, -249519108L, -11357843L, -872240361L, -866977056L, 
1057728702L, 558212747L, 962845965L, -1147932358L, -680255112L, 
287740705L, -78806061L, -1733014796L, -1881513086L, 1374482967L, 
1904509153L, 1356762662L, 342656804L, -1163974699L, 340680575L, 
1808632344L, 590440758L, -2044528701L, -1559988731L, 1400042914L, 
104954256L, -1093656263L, 1688516075L, -1245161764L, -375561462L, 
